1.08831194570171
-0.322162097727174
1.75326208175
-0.858548739258996
-2.66749047560681
1.61042956448784
0
-3.29236541501841
-2.43050100256147
-0.883800316747971
4.05238883043124
2.19165269702133
0.49699365219197
-1.98766459603796
-2.08164052613832
1.64868688178593
1.92850340817966
0
0.704675254713602
0.142375394029366
0
-1.36098836619946
0.527487910423728
-0.122631092100651
-2.4537792316887
-3.32427808635466
0
2.0893354599679
0
2.61280247364589
0
-1.40072302485303
0.346558603587601
1.83199196737358
-1.54054549318131
0.745254146729349
-0.644718676366251
2.36744372085147
-0.136923306187973
-0.818456266728097
-2.13870527187393
-0.749099605519395
-0.848466825645381
-1.41528369924656
1.67950884077405
-0.449728003355392
0.23592821813715
0.910268491272745
0
-0.538616830223687
0
-1.11844491779372
-4.04651401718622
4.87216524262175
-1.38994130422508
3.04172498287871
0
-1.91084299213436
-0.991388342441222
2.68675548786099
1.30464817584313
1.35006498078855
0
-2.84860664305547
-2.82886886952483
0.29257932667345
-1.96390792052102
-3.90367940245939
-1.96859920623597
-0.95899852098226
-3.45242420642051
-1.83810300791959
2.40601665326558
1.47569060072605
0.354145467482837
-1.1094478656753
2.90710958593955
0.645051982412202
-4.09889322166006
-0.130795798379573
0
-0.269761122785668
4.73737942710247
0.68150718270816
-1.40504191175208
-2.19175309855319
4.28084357836124
-3.90108267906461
-1.01980523360451
-0.033826106462862
-0.982488668769629
3.7638720511935
0
0.639638874493747
-0.194900902062063
1.95923705880968
-2.43159574247593
-2.84201120032239
0.86854374018074
-4.99723293368593

